0.373516 0.000000
0.368303 0.000000
0.364646 0.000000
0.366897 0.000000
0.358921 0.000000
0.353896 0.000000
0.361666 0.000000
0.357975 0.000000
0.360110 0.000000
0.358617 0.000000
0.358586 0.000000
0.362725 0.000000
0.360358 0.000000
0.362469 0.000000
0.363617 0.000000
0.363875 0.000000
0.365155 0.000000
0.366690 0.000000
0.368879 0.000000
0.372508 0.000000
0.367259 0.000000
0.371654 0.000000
0.382338 0.000000
0.374266 0.000000
0.376633 0.000000
0.375056 0.000000
0.369962 0.000000
0.366010 0.000000
0.370845 0.000000
0.362892 0.000000
0.360685 0.000000
0.368951 0.000000
0.362463 0.000000
0.363085 0.000000
0.361006 0.000000
0.363917 0.000000
0.365293 0.000000
0.366174 0.000000
0.373020 0.000000
0.366603 0.000000
0.375666 0.000000
0.376137 0.000000
0.374398 0.000000
0.373872 0.000000
0.368066 0.000000
0.364865 0.000000
0.373435 0.000000
0.360111 0.000000
0.362146 0.000000
0.361725 0.000000
0.362676 0.000000
0.360659 0.000000
0.357677 0.000000
0.365540 0.000000
0.364561 0.000000
0.363519 0.000000
0.368700 0.000000
0.365191 0.000000
0.362265 0.000000
0.362503 0.000000
0.409152 0.000000
0.371835 0.000000
0.370912 0.000000
0.375659 0.000000
0.362902 0.000000
0.364639 0.000000
0.367832 0.000000
0.362215 0.000000
0.362534 0.000000
0.366872 0.000000
0.368698 0.000000
0.366568 0.000000
0.365950 0.000000
0.366590 0.000000
0.360335 0.000000
0.355287 0.000000
0.359422 0.000000
0.359897 0.000000
0.365072 0.000000
0.357825 0.000000
0.361351 0.000000
0.363966 0.000000
0.366484 0.000000
0.366002 0.000000
0.379211 0.000000
0.377872 0.000000
0.378954 0.000000
0.371569 0.000000
0.375061 0.000000
0.379870 0.000000
0.372131 0.000000
0.369186 0.000000
0.369539 0.000000
0.371387 0.000000
0.362861 0.000000
0.366091 0.000000
0.362964 0.000000
0.359103 0.000000
0.358797 0.000000
0.360075 0.000000
