1,338373 0,419840
1,343657 0,423673
1,368860 0,431131
1,383321 0,429275
1,398937 0,438422
1,424658 0,440502
1,411115 0,443069
1,382028 0,434973
1,352792 0,422960
1,342052 0,422352
1,327405 0,415199
1,326288 0,414615
1,340557 0,422738
1,352281 0,413862
1,342280 0,424040
1,363167 0,431677
1,371620 0,431821
1,343188 0,416182
1,350471 0,420962
1,336703 0,418513
1,332512 0,420187
1,336546 0,417706
1,338175 0,418860
1,362045 0,434543
1,382105 0,433373
1,404638 0,448836
1,359981 0,428801
1,358685 0,427567
1,355246 0,429772
1,334599 0,418719
1,316498 0,412680
1,339156 0,417867
1,351865 0,427011
1,375712 0,429132
1,384841 0,428128
1,344542 0,423410
1,333437 0,415968
1,343617 0,419271
1,332983 0,414106
1,336781 0,419928
1,334461 0,417040
1,339721 0,421736
1,340547 0,422046
1,387151 0,439992
1,328004 0,415322
1,344166 0,417591
1,350128 0,425587
1,334520 0,418327
1,352069 0,425899
1,332837 0,414435
1,341902 0,419295
1,379135 0,433387
1,415135 0,440360
1,331651 0,419853
1,337420 0,417240
1,331808 0,414463
1,326825 0,413954
1,329071 0,416642
1,327642 0,414050
1,348078 0,424748
1,361092 0,427425
1,368242 0,433321
1,346759 0,422029
1,350880 0,418176
1,344632 0,417224
1,328714 0,416181
1,334461 0,421697
1,340286 0,420453
1,356201 0,426082
1,379567 0,429042
1,377709 0,437874
1,361292 0,432689
1,338123 0,421464
1,351656 0,414813
1,342271 0,413468
1,342948 0,427516
1,326721 0,410865
1,341163 0,425549
1,344581 0,417346
1,351728 0,424755
1,371809 0,430085
1,326417 0,411768
1,321464 0,416415
1,341633 0,425507
1,347412 0,416514
1,353160 0,424315
1,393169 0,437548
1,402903 0,435508
1,414187 0,449515
1,425053 0,447040
1,388596 0,433676
1,390084 0,434074
1,389607 0,428153
1,323737 0,412219
1,336173 0,414095
1,356676 0,428200
1,350589 0,424005
1,361877 0,433251
1,360041 0,430095
1,327039 0,417991
