8.302214
8.426037
8.276211
8.221390
8.253978
8.175897
8.226223
8.277317
8.283375
8.095242
8.211113
8.337266
8.290827
8.242245
8.203003
8.112211
8.132316
8.210669
8.064737
8.276058
8.223058
8.173576
8.337402
8.249302
8.133453
8.170739
8.248875
8.321776
8.251760
8.184994
8.315966
8.206677
8.264792
8.102607
8.158864
8.296550
8.176821
8.329717
8.247280
8.257571
8.261795
8.215132
8.172830
8.182765
8.098524
8.280175
8.056441
8.313580
8.139197
8.223810
8.250256
8.091223
8.240223
8.188218
8.325617
8.055407
8.233757
8.291162
8.214790
8.152416
8.231360
8.082526
8.175976
8.291605
8.022746
8.193871
8.138909
8.234127
8.073840
8.269040
8.299127
8.219925
8.175962
8.281634
8.202114
8.309901
8.298211
8.275763
8.361267
8.022059
8.209223
8.162527
8.248950
8.074060
8.108425
8.300601
8.154581
8.260748
8.165434
8.258397
8.267414
8.181521
8.178371
8.162233
8.165151
8.195696
8.130618
8.247726
8.055813
8.351755
