4.646814 1.457001
4.646524 1.456568
4.626292 1.456715
4.629900 1.460864
4.611772 1.448828
4.633326 1.475114
4.900496 1.512559
4.639860 1.458355
4.601572 1.451494
4.675705 1.475362
4.632189 1.460283
4.648758 1.465236
4.644823 1.457026
4.643685 1.456593
4.605597 1.452141
4.672017 1.471918
4.708921 1.525280
4.646588 1.468616
4.638010 1.457587
4.671694 1.456679
4.615386 1.454619
4.621448 1.444897
4.619191 1.458128
4.610621 1.449981
4.648058 1.450309
4.632771 1.469502
4.629700 1.456272
4.874435 1.463451
4.618836 1.465372
4.668793 1.475021
4.617101 1.465254
4.669737 1.465062
4.642879 1.472296
4.632739 1.454141
4.628031 1.454538
4.642831 1.461882
4.615629 1.456775
4.647994 1.470958
4.638022 1.456703
4.658672 1.460599
4.658244 1.458923
4.631688 1.457899
4.616287 1.462681
4.672525 1.473361
4.606264 1.467030
4.991841 1.462686
4.662091 1.468810
4.609007 1.449339
4.619649 1.458682
4.640210 1.453887
4.636918 1.462396
4.652746 1.460064
4.668474 1.462613
4.626799 1.451310
4.626114 1.460233
4.742088 1.464808
4.631069 1.475072
4.631827 1.457953
4.648100 1.461703
4.633918 1.465401
4.608156 1.454842
4.728864 1.446952
4.618951 1.456104
4.640768 1.476675
4.631038 1.456399
4.635462 1.460143
4.629247 1.456524
4.663963 1.465254
4.618095 1.451355
4.669794 1.462239
4.613422 1.452117
4.747405 1.489088
4.640325 1.467622
4.641998 1.457632
4.635338 1.454564
4.673043 1.475549
4.880959 1.444623
4.641657 1.471737
4.807611 1.502244
4.659992 1.463810
4.592994 1.452047
4.650517 1.463010
4.626908 1.459630
4.645727 1.470373
4.637912 1.451634
4.700748 1.487229
4.660931 1.475117
4.702213 1.463368
4.654243 1.474949
4.632932 1.452735
4.610478 1.452165
4.630126 1.450327
4.617569 1.451710
4.629394 1.466662
4.640308 1.468963
4.634729 1.442822
4.596732 1.450369
4.633785 1.453772
4.621959 1.457717
4.798808 1.527798
