1,459519 0,000000
1,448489 0,000000
1,453626 0,000000
1,423035 0,000000
1,461814 0,000000
1,456119 0,000000
1,451681 0,000000
1,443835 0,000000
1,450982 0,000000
1,449310 0,000000
1,442641 0,000000
1,445638 0,000000
1,435023 0,000000
1,437001 0,000000
1,449534 0,000000
1,444886 0,000000
1,446056 0,000000
1,607474 0,000000
1,442587 0,000000
1,454307 0,000000
1,455133 0,000000
1,448136 0,000000
1,445959 0,000000
1,425849 0,000000
1,421445 0,000000
1,443307 0,000000
1,455401 0,000000
1,455019 0,000000
1,445419 0,000000
1,426523 0,000000
1,466623 0,000000
1,444982 0,000000
1,454505 0,000000
1,442357 0,000000
1,457941 0,000000
1,432630 0,000000
1,436156 0,000000
1,444148 0,000000
1,453436 0,000000
1,440781 0,000000
1,462086 0,000000
1,432726 0,000000
1,443789 0,000000
1,454357 0,000000
1,449009 0,000000
1,430459 0,000000
1,580509 0,000000
1,515843 0,000000
1,422449 0,000000
1,446074 0,000000
1,442653 0,000000
1,466826 0,000000
1,441602 0,000000
1,446808 0,000000
1,455892 0,000000
1,447841 0,000000
1,450927 0,000000
1,466997 0,000000
1,453009 0,000000
1,462847 0,000000
1,448605 0,000000
1,438086 0,000000
1,445094 0,000000
1,439093 0,000000
1,445942 0,000000
1,447799 0,000000
1,446846 0,000000
1,460365 0,000000
1,461611 0,000000
1,449657 0,000000
1,441478 0,000000
1,433093 0,000000
1,436581 0,000000
1,442795 0,000000
1,448521 0,000000
1,448411 0,000000
1,440875 0,000000
1,449992 0,000000
1,445453 0,000000
1,449413 0,000000
1,448359 0,000000
1,438881 0,000000
1,455017 0,000000
1,460790 0,000000
1,444429 0,000000
1,444460 0,000000
1,447921 0,000000
1,457928 0,000000
1,437240 0,000000
1,446780 0,000000
1,430314 0,000000
1,454687 0,000000
1,435549 0,000000
1,449998 0,000000
1,454392 0,000000
1,446315 0,000000
1,455608 0,000000
2,627484 0,000000
2,504097 0,000000
2,251907 0,000001
