6.795307
6.901523
6.906598
6.850620
6.863269
6.879650
6.905113
6.936934
6.932452
6.958885
6.907677
6.894576
6.882119
6.883053
6.918414
6.914565
6.908376
6.921394
6.855981
6.856574
6.934437
7.016279
6.814606
6.894311
6.808053
6.897290
6.799224
6.949127
6.787250
6.907765
6.837688
6.925160
6.857462
6.952039
6.930243
6.927680
6.726132
6.911155
6.811411
6.911706
6.777812
6.946261
6.782553
6.948391
6.878141
6.972047
6.902111
6.850151
6.914740
6.892707
6.892863
6.936850
6.804581
6.909348
6.853041
6.942186
6.899414
6.866510
6.806893
6.822982
6.771481
6.906876
6.909647
6.845168
6.838219
6.883436
6.886785
6.860845
6.831741
6.876077
6.935359
6.952378
6.883760
6.921348
6.874360
6.901442
6.699708
6.961869
6.721726
6.940777
6.800719
6.973281
6.914824
6.956925
6.780812
7.052865
6.772163
6.921391
6.839144
6.958968
6.926388
6.845126
6.894491
7.010938
6.902019
6.910312
6.834812
6.939304
6.807533
6.921421
