0.264034 0.000000
0.255330 0.000000
0.263024 0.000000
0.257716 0.000000
0.262827 0.000000
0.260488 0.000000
0.254642 0.000000
0.260618 0.000000
0.254606 0.000000
0.260489 0.000000
0.261462 0.000000
0.257216 0.000000
0.256430 0.000000
0.256243 0.000000
0.261998 0.000000
0.250596 0.000000
0.248890 0.000000
0.255502 0.000000
0.262363 0.000000
0.260273 0.000000
0.258384 0.000000
0.259831 0.000000
0.259381 0.000000
0.263365 0.000000
0.267877 0.000000
0.264479 0.000000
0.294591 0.000000
0.262451 0.000000
0.264061 0.000000
0.257449 0.000000
0.270912 0.000000
0.260734 0.000000
0.262679 0.000000
0.260152 0.000000
0.248995 0.000000
0.260263 0.000000
0.253091 0.000000
0.263525 0.000000
0.267719 0.000000
0.267232 0.000000
0.253261 0.000000
0.250391 0.000000
0.261913 0.000000
0.266128 0.000000
0.292817 0.000000
0.268520 0.000000
0.263206 0.000004
0.265429 0.000000
0.261137 0.000000
0.255983 0.000000
0.264946 0.000000
0.259738 0.000000
0.261643 0.000000
0.266922 0.000000
0.261096 0.000000
0.270616 0.000000
0.261994 0.000000
0.255159 0.000000
0.259982 0.000000
0.266081 0.000000
0.258309 0.000000
0.289610 0.000000
0.265330 0.000000
0.265368 0.000000
0.263098 0.000000
0.280838 0.000000
0.258208 0.000000
0.254942 0.000000
0.268120 0.000000
0.260605 0.000000
0.259740 0.000000
0.263472 0.000000
0.265167 0.000000
0.264352 0.000000
0.263507 0.000001
0.266374 0.000000
0.294175 0.000000
0.262636 0.000000
0.247159 0.000000
0.272793 0.000000
0.271137 0.000000
0.266360 0.000000
0.257521 0.000000
0.261100 0.000000
0.262480 0.000000
0.265550 0.000000
0.271017 0.000000
0.273342 0.000000
0.267269 0.000000
0.260728 0.000000
0.262026 0.000000
0.256547 0.000000
0.258272 0.000000
0.254750 0.000000
0.261809 0.000000
0.284591 0.000000
0.253899 0.000000
0.258516 0.000000
0.271222 0.000000
0.257679 0.000000
