1,081603 0,371294
1,080114 0,355724
1,093482 0,367811
1,102377 0,377577
1,223678 0,413214
1,090926 0,373403
1,093709 0,379822
1,158926 0,364295
1,116650 0,372048
1,117355 0,373168
1,139020 0,399344
1,101661 0,373879
1,069880 0,366072
1,093196 0,383286
1,060623 0,356424
1,084927 0,363966
1,075654 0,358904
1,131201 0,371150
1,101654 0,362150
1,095513 0,376795
1,073715 0,371215
1,087007 0,367864
1,085290 0,361094
1,071554 0,357578
1,134225 0,383311
1,090299 0,374988
1,099229 0,382135
1,084262 0,362054
1,099846 0,377724
1,109932 0,376095
1,096735 0,380962
1,162941 0,397233
1,098153 0,373538
1,091663 0,374634
1,093616 0,373300
1,111984 0,376719
1,130177 0,391677
1,087019 0,365570
1,082605 0,356400
1,089567 0,372665
1,104618 0,380675
1,124273 0,383883
1,226564 0,416697
1,172006 0,414693
1,155787 0,386081
1,167165 0,406056
1,229726 0,413600
1,268481 0,400988
1,075120 0,366157
1,142025 0,369918
1,198990 0,414116
1,378228 0,461776
1,152260 0,384237
1,159522 0,400336
1,130103 0,366572
1,140791 0,393448
1,081355 0,371395
1,077673 0,358841
1,109554 0,383175
1,099942 0,380614
1,101469 0,373154
1,065841 0,357628
1,129228 0,372401
1,072819 0,360252
1,062022 0,355442
1,066457 0,356707
1,080442 0,362212
1,085375 0,367295
1,071055 0,358927
1,105412 0,386241
1,074632 0,364464
1,158243 0,425186
1,093798 0,374953
1,103565 0,374821
1,132137 0,367177
1,054037 0,352795
1,067896 0,369884
1,077247 0,364555
1,067343 0,361906
1,069358 0,359751
1,062399 0,355810
1,123741 0,359345
1,068052 0,362291
1,097012 0,381170
1,098501 0,366768
1,084326 0,365501
1,141452 0,396459
1,250880 0,427413
1,318727 0,388425
1,226404 0,400576
1,101023 0,352106
1,081252 0,344593
1,087245 0,363053
1,050677 0,349370
1,064844 0,363313
1,086651 0,375034
1,113883 0,366012
1,649565 0,611632
1,116777 0,425380
1,156469 0,358230
