6.996352
6.907206
6.898153
6.968412
7.045242
6.938058
6.928472
6.940994
6.932740
6.982975
6.969742
6.897386
6.923101
6.957501
6.884455
6.849668
6.914926
6.996718
7.006815
6.884869
6.871224
6.986860
6.989300
6.981401
6.985892
6.934374
7.752741
7.238330
7.006517
7.012811
6.881474
7.062411
6.885805
7.020701
6.929417
6.942814
6.959325
7.028693
7.018294
6.931953
6.922122
6.998851
6.893451
6.991928
6.932061
6.882367
6.838741
6.880272
6.914381
6.895320
6.961172
7.737677
7.102240
7.056593
7.020715
6.923788
7.007106
6.829002
6.982646
6.844298
6.889606
6.896580
6.965213
6.940416
6.922968
7.042622
6.989147
7.008353
6.984852
7.117938
7.031886
7.028169
6.908539
7.004859
6.991425
7.005047
7.733911
7.017948
7.050254
7.153048
7.097211
6.962007
6.965398
7.075464
6.990265
7.031253
7.010092
6.993931
6.982142
7.779599
6.972943
7.042090
7.063860
7.140933
6.975721
7.001651
7.019093
7.016718
6.952391
7.029623
