0.629811 0.000000
0.578242 0.000000
0.591319 0.000000
0.581347 0.000000
0.579700 0.000000
0.587712 0.000000
0.607592 0.000000
0.591385 0.000000
0.577532 0.000000
0.578051 0.000000
0.581369 0.000000
0.580289 0.000000
0.578664 0.000000
0.577839 0.000000
0.577269 0.000000
0.577736 0.000000
0.574881 0.000000
0.579063 0.000000
0.577092 0.000000
0.575038 0.000000
0.572285 0.000000
0.570896 0.000000
0.579145 0.000000
0.577367 0.000000
0.577892 0.000000
0.577609 0.000000
0.577578 0.000000
0.576208 0.000000
0.578183 0.000000
0.578402 0.000000
0.581520 0.000000
0.584118 0.000000
0.572616 0.000000
0.582313 0.000000
0.578976 0.000000
0.578264 0.000000
0.582830 0.000000
0.573479 0.000000
0.579274 0.000000
0.580525 0.000000
0.616821 0.000000
0.576336 0.000000
0.575386 0.000000
0.575498 0.000000
0.575583 0.000000
0.575846 0.000000
0.574605 0.000000
0.585592 0.000000
0.583697 0.000000
0.575622 0.000000
0.580062 0.000000
0.571797 0.000000
0.571218 0.000000
0.572373 0.000000
0.577248 0.000000
0.574852 0.000000
0.578665 0.000000
0.575203 0.000000
0.576690 0.000000
0.573900 0.000000
0.578069 0.000000
0.578191 0.000000
0.576991 0.000000
0.576823 0.000000
0.576269 0.000000
0.569468 0.000000
0.576664 0.000000
0.579901 0.000000
0.616068 0.000000
0.579526 0.000000
0.583197 0.000000
0.572428 0.000000
0.598563 0.000000
0.629926 0.000000
0.576453 0.000000
0.578467 0.000000
0.579135 0.000000
0.575380 0.000000
0.574151 0.000000
0.576201 0.000000
0.575009 0.000000
0.570276 0.000000
0.572209 0.000000
0.567747 0.000000
0.575562 0.000000
0.580070 0.000000
0.577002 0.000000
0.578872 0.000000
0.575488 0.000000
0.577660 0.000000
0.579035 0.000000
0.576938 0.000000
0.579302 0.000000
0.573495 0.000000
0.575553 0.000000
0.578796 0.000000
0.581067 0.000000
0.577010 0.000000
0.583391 0.000000
0.575950 0.000000
