2,390784 0,748733
2,390946 0,759636
2,391911 0,751690
2,400764 0,751880
2,397291 0,761408
2,377786 0,743607
2,397114 0,752481
2,518544 0,762986
2,426417 0,775674
2,399893 0,769600
2,415800 0,780451
2,380099 0,744399
2,383908 0,746651
2,373292 0,745047
2,392393 0,759441
2,520190 0,758039
2,397711 0,749548
2,413670 0,761979
2,404664 0,746770
2,428076 0,776009
2,441065 0,786686
2,421785 0,770155
2,417409 0,775910
2,438647 0,751119
2,400598 0,769261
2,404590 0,758653
2,406695 0,754418
2,518913 0,795609
2,414762 0,762902
2,415956 0,760200
2,456849 0,771426
2,405177 0,750356
2,418952 0,761646
2,387392 0,752917
2,407400 0,760482
2,463007 0,765197
2,428003 0,776549
2,401487 0,757337
2,393890 0,753060
2,409669 0,751293
2,434469 0,773514
2,988838 0,802473
2,420700 0,753471
2,447376 0,769976
2,417283 0,753639
2,441998 0,782173
2,416316 0,766738
2,434203 0,763102
2,413595 0,756550
2,405421 0,757413
2,438506 0,778077
2,428596 0,778842
2,449015 0,785268
2,401939 0,752831
2,415115 0,755300
2,411139 0,752856
2,543068 0,761956
2,387346 0,752750
2,411626 0,753967
2,442763 0,760437
2,408920 0,755170
2,428131 0,771436
2,396695 0,751578
2,425947 0,768389
2,422638 0,751602
2,475523 0,784837
2,464857 0,776008
2,411318 0,755204
2,588422 0,790626
2,400252 0,750524
2,411174 0,767326
2,395440 0,750805
2,398866 0,758659
2,420997 0,766562
2,398045 0,765325
2,400408 0,760883
2,459888 0,785154
2,377816 0,752009
2,390849 0,749502
2,391262 0,760839
2,406200 0,768834
2,389196 0,750840
2,392485 0,756984
2,406820 0,758147
2,393100 0,755286
2,398004 0,758057
2,395187 0,748302
2,390091 0,749031
2,395992 0,755542
2,404740 0,764761
2,400739 0,758612
2,510883 0,753458
2,403585 0,757551
2,394575 0,749417
2,393895 0,762319
2,423266 0,779728
2,404537 0,755517
2,441996 0,774667
2,418399 0,776822
2,381771 0,753259
