8.633237 2.832860
8.707392 2.823237
8.684971 2.826331
8.665610 2.807842
8.697201 2.838902
8.663126 2.836608
8.646475 2.764730
8.668020 2.813104
8.785823 2.874787
8.716217 2.815009
8.818038 2.767147
8.657052 2.809420
8.689007 2.836995
8.615268 2.760512
8.682964 2.835462
8.635757 2.820515
8.910540 2.815885
8.594703 2.766437
8.606538 2.766450
8.767184 2.840901
8.519248 2.747672
8.938095 2.848648
8.663046 2.825140
8.896579 2.822101
8.664151 2.838540
8.744311 2.820200
8.703564 2.860421
8.660816 2.835088
8.600451 2.813395
8.629948 2.829915
8.629059 2.810962
8.659500 2.816318
8.575864 2.755233
8.573973 2.771155
8.561491 2.753479
8.619895 2.820455
8.605514 2.802627
8.656989 2.819239
8.610442 2.814390
8.591229 2.826635
8.628039 2.825802
8.643223 2.815896
8.617774 2.821330
8.646640 2.833992
8.548746 2.747065
8.575860 2.759728
8.657352 2.813759
8.608547 2.820572
8.702872 2.839963
8.631798 2.799047
8.644622 2.830478
8.575122 2.806851
8.542873 2.772416
8.614908 2.819764
8.602474 2.803924
8.612453 2.824307
8.649557 2.828141
8.643799 2.807620
8.589990 2.759591
8.678474 2.818623
8.589864 2.820696
8.550789 2.772027
8.556881 2.783025
8.629470 2.818805
8.672535 2.833771
8.831895 2.815104
8.557942 2.755980
8.627073 2.806612
8.676696 2.848744
8.637846 2.834002
8.607482 2.771095
8.607150 2.803002
8.664320 2.822663
8.732139 2.753088
8.626844 2.806349
8.594607 2.778335
8.640524 2.814467
8.621308 2.816612
8.743019 2.848463
8.711538 2.828281
8.632415 2.838687
8.596691 2.769251
8.591194 2.804086
8.607519 2.807614
8.675490 2.793585
8.651928 2.814218
8.641065 2.836702
8.533252 2.749706
8.637955 2.826085
8.659224 2.814848
8.702308 2.837760
8.586796 2.814772
8.629261 2.805560
8.609217 2.823762
8.687759 2.835212
8.553701 2.744812
8.653205 2.804606
8.641339 2.773365
8.634055 2.821140
8.732165 2.841420
