2,311552 0,000000
2,325413 0,000000
2,159386 0,000000
2,151349 0,000000
2,165316 0,000000
2,184634 0,000000
2,150488 0,000000
2,155516 0,000000
2,148787 0,000000
2,160990 0,000000
2,139722 0,000000
2,148192 0,000000
2,146232 0,000000
2,150360 0,000000
2,143664 0,000000
2,164639 0,000000
2,174594 0,000000
2,158647 0,000000
2,172509 0,000000
2,154483 0,000000
2,155489 0,000000
2,139119 0,000000
2,161377 0,000000
2,154204 0,000000
2,142450 0,000000
2,154948 0,000000
2,164368 0,000000
2,166573 0,000000
2,165085 0,000000
2,162958 0,000000
2,163313 0,000000
2,139158 0,000000
2,142838 0,000000
2,190667 0,000000
2,152991 0,000000
2,165080 0,000000
2,141297 0,000000
2,153380 0,000000
2,136079 0,000000
2,148519 0,000000
2,161866 0,000000
2,152316 0,000000
2,142146 0,000000
2,133919 0,000000
2,122702 0,000000
2,141276 0,000000
2,146648 0,000000
2,145840 0,000000
2,158262 0,000000
3,031256 0,000000
2,150079 0,000000
2,128361 0,000000
2,140520 0,000000
2,140069 0,000000
2,164173 0,000000
2,154661 0,000000
2,150296 0,000000
2,146229 0,000000
2,163849 0,000000
2,162310 0,000000
2,137339 0,000000
2,143691 0,000000
2,147682 0,000000
2,157842 0,000000
2,166939 0,000000
2,135903 0,000000
2,407505 0,000000
2,144416 0,000000
2,156141 0,000000
2,154323 0,000000
2,155100 0,000000
2,145148 0,000000
2,243049 0,000000
2,178850 0,000000
2,162966 0,000000
2,170720 0,000000
2,158447 0,000000
2,215822 0,000000
2,172532 0,000000
2,161079 0,000000
2,169559 0,000000
2,155586 0,000000
2,295486 0,000000
2,160666 0,000000
2,156673 0,000000
2,154325 0,000000
2,140481 0,000000
2,150830 0,000000
2,167225 0,000000
2,159482 0,000000
2,164584 0,000000
2,178959 0,000000
2,134781 0,000000
2,152482 0,000000
2,198057 0,000000
2,146382 0,000000
2,280372 0,000000
2,142140 0,000000
2,153090 0,000000
2,137435 0,000000
