1.443167
1.442479
1.440643
1.438796
1.442621
1.442281
1.445650
1.444732
1.443229
1.439854
1.436173
1.438149
1.433208
1.447640
1.451736
1.445280
1.448225
1.447987
1.441923
1.443433
1.444352
1.442778
1.445942
1.436019
1.440316
1.448407
1.453081
1.456877
1.441783
1.441201
1.451851
1.442982
1.445609
1.443352
1.444869
1.443699
1.444980
1.449312
1.450050
1.446749
1.446058
1.495064
1.442836
1.441382
1.443620
1.447888
1.448988
1.444842
1.443628
1.451353
1.452281
1.443801
1.445021
1.459882
1.450439
1.448521
1.454343
1.452946
1.449967
1.434319
1.449535
1.456759
1.442252
1.450925
1.447782
1.445377
1.454995
1.444585
1.446397
1.451909
1.460268
1.453330
1.451785
1.455848
1.456222
1.489113
1.493610
1.477604
1.455620
1.464968
1.453676
1.453700
1.449798
1.462010
1.456272
1.445465
1.447605
1.450209
1.444906
1.443925
1.446424
1.441711
1.443199
1.451162
1.449077
1.443082
1.446740
1.450643
1.445481
1.442645
